24.78256, 23.84176, 24.35375, 23.82711, 24.17370, 24.67767, 23.46111, 23.87219, 25.08233, 24.63333, 24.89633, 24.29904, 24.82257, 24.95535, 25.80700, 25.33853, 25.75024, 25.71307, 26.00418, 24.78390, 24.29919, 25.91189, 25.30496, 24.78604, 24.64947, 25.61328, 25.15637, 24.30084, 24.46585, 24.25555, 24.15093, 23.60610
25.10635, 24.43508, 24.79638, 24.28146, 24.93154, 24.13339, 24.44833, 25.23089, 25.34570, 24.79971, 24.56271, 24.44622, 25.20010, 25.44729, 24.96298, 26.07983, 25.46227, 25.44338, 25.06396, 25.89184, 25.69894, 25.58788, 25.26400, 25.73193, 25.27841, 25.76361, 25.13424, 24.80795, 24.84149, 24.88793, 23.09490, 24.31249
25.04092, 25.05569, 23.92575, 24.83117, 23.95480, 23.66934, 24.90719, 24.54711, 24.71414, 23.89758, 24.62963, 24.68356, 25.17031, 25.74401, 26.11019, 25.67605, 25.93197, 26.36691, 26.20288, 25.87692, 25.32623, 25.86849, 25.50637, 25.59756, 25.85888, 24.95861, 25.67034, 25.00085, 25.23730, 25.76583, 25.68868, 25.23089
24.54147, 25.07607, 24.48409, 24.32055, 24.37676, 24.95519, 23.89428, 25.00759, 24.45666, 24.72830, 24.83630, 24.82229, 25.22311, 25.99325, 26.15966, 27.27337, 27.03475, 26.59262, 26.61663, 26.75442, 27.31680, 25.80801, 25.06298, 26.14511, 26.15768, 25.70172, 25.57437, 26.13989, 25.34890, 25.51769, 26.52792, 26.92700
24.45837, 23.50265, 24.06729, 23.60012, 24.32986, 24.69613, 24.27416, 23.89828, 25.13668, 24.73217, 24.92605, 24.55389, 26.56384, 26.95846, 27.65542, 28.01361, 27.77963, 28.03582, 28.56265, 27.84670, 27.74102, 26.48574, 26.60305, 26.08053, 26.33822, 25.93618, 26.03591, 26.01956, 25.99804, 26.05023, 25.86556, 26.97540
24.18194, 23.64514, 24.38262, 24.51480, 24.61807, 24.54247, 23.76702, 24.95806, 24.59579, 24.67269, 25.00714, 26.49224, 27.90197, 28.04955, 29.04254, 29.04717, 28.77157, 28.32873, 28.53381, 28.22756, 27.72595, 27.90627, 26.55786, 26.80230, 26.43243, 26.33761, 25.44320, 26.32488, 26.24890, 26.33517, 24.97381, 25.60885
23.49343, 23.89022, 24.36288, 24.44457, 25.13854, 25.25326, 24.87911, 24.02111, 25.12005, 24.79696, 26.34704, 26.59332, 28.31970, 28.51495, 29.32672, 29.08462, 29.96755, 29.16635, 29.46603, 28.94271, 29.02120, 28.63058, 28.82220, 27.62042, 26.95004, 27.08923, 26.69024, 25.88198, 26.13720, 26.65862, 25.36260, 25.95315
23.89227, 23.66421, 24.81771, 24.23803, 24.96307, 25.13275, 24.34783, 24.17178, 24.85397, 24.98675, 26.38714, 27.36862, 28.43035, 28.40020, 28.47161, 29.08904, 29.90698, 29.44152, 30.00558, 30.02285, 29.48300, 29.14456, 28.37188, 28.62536, 28.17669, 27.81668, 26.40484, 26.90057, 25.91613, 25.18810, 25.27630, 26.57614
23.51672, 23.69360, 23.64163, 23.87017, 25.05837, 24.81420, 25.23770, 24.24807, 24.86126, 25.65875, 27.42336, 27.41567, 29.22872, 28.92040, 29.20651, 29.24389, 29.50830, 29.73806, 30.01522, 30.34487, 30.23944, 29.39892, 29.07845, 28.59014, 28.81152, 28.26766, 28.09970, 26.54843, 26.80175, 26.12310, 26.41036, 24.79330
23.43276, 22.55624, 24.44744, 24.55947, 24.74172, 23.99771, 24.43542, 24.88571, 23.97018, 25.48049, 27.12020, 28.56600, 29.27850, 29.77874, 29.24224, 29.49032, 29.03576, 29.04067, 30.34326, 29.94546, 30.05703, 30.15252, 29.59103, 29.03604, 28.51040, 28.14755, 27.96642, 28.46139, 26.15145, 25.98126, 25.67733, 25.92462
22.28127, 23.05822, 23.97662, 23.39193, 24.61636, 24.43371, 24.49130, 24.54794, 25.24694, 25.47857, 28.17632, 28.37643, 29.76275, 28.96768, 29.12637, 28.74783, 29.33969, 29.08740, 30.04028, 30.79543, 30.65301, 29.74923, 29.57351, 29.92446, 29.05981, 28.95254, 28.68197, 28.15524, 26.76007, 26.90441, 26.62661, 25.29833
22.64929, 22.39428, 24.38937, 23.77197, 23.77227, 23.82229, 24.48043, 24.77209, 25.07330, 25.75857, 28.12753, 29.26812, 28.89993, 29.59454, 29.67538, 30.13171, 29.47332, 30.26333, 29.83959, 30.72061, 30.01760, 29.80789, 29.97405, 29.64456, 29.27169, 29.12719, 28.10430, 28.34066, 27.39150, 26.84002, 25.26046, 25.52197
22.37698, 22.59338, 23.40505, 23.87136, 24.03237, 23.80169, 24.53033, 24.59222, 25.25936, 25.50067, 28.27667, 28.57327, 29.18463, 29.11959, 29.76315, 30.18270, 30.74279, 30.61126, 30.51599, 30.25488, 29.85220, 29.72671, 29.42379, 29.27069, 29.74197, 29.19039, 28.27679, 28.28768, 28.43527, 27.31191, 26.74005, 25.87902
23.19927, 22.68176, 23.14471, 23.49554, 23.60519, 24.08975, 23.96905, 24.20968, 24.81973, 24.78317, 27.80761, 28.78884, 29.33395, 29.03948, 29.61367, 30.89102, 30.12972, 30.09677, 29.95138, 30.45220, 29.84643, 29.92706, 29.57199, 29.47528, 29.71166, 29.59561, 29.16320, 29.16534, 28.06933, 27.37264, 25.98333, 25.99154
22.51315, 22.43359, 23.09454, 22.64150, 24.24407, 24.12652, 24.07903, 24.76568, 25.17306, 25.75830, 28.20474, 28.44903, 28.92636, 29.19482, 29.68798, 29.87313, 30.17700, 30.02288, 30.55053, 29.94183, 29.91512, 30.24584, 30.13680, 29.79955, 29.36218, 28.95632, 28.84451, 28.37420, 27.84243, 28.19558, 26.63891, 26.37658
23.13247, 21.41708, 22.89550, 22.96093, 23.50826, 23.70809, 24.19189, 24.08343, 24.61392, 25.27130, 27.73232, 28.64330, 29.63851, 29.24743, 30.20092, 30.20837, 27.19003, 29.86996, 30.03652, 29.97833, 30.33492, 29.92962, 29.85613, 28.84069, 29.52261, 29.29693, 29.05956, 28.90075, 28.60623, 28.59051, 26.66860, 26.75509
22.86706, 22.50442, 23.54626, 23.89575, 22.89636, 22.60641, 23.50234, 23.34631, 23.86523, 23.95666, 26.79742, 28.01272, 29.37066, 29.28982, 30.10153, 30.44335, 30.54745, 29.40759, 29.78460, 29.35638, 29.73998, 28.83532, 28.76312, 28.74368, 28.84390, 29.31491, 28.33334, 29.57665, 28.27432, 28.28030, 27.57730, 27.47149
24.43768, 24.06552, 24.06771, 23.58822, 22.98043, 23.86306, 23.03036, 23.42507, 23.98364, 24.12863, 25.01956, 27.61090, 29.77346, 28.91082, 30.27395, 31.16415, 30.30111, 29.62551, 29.66604, 29.85739, 29.55395, 29.09991, 28.52749, 29.01257, 29.09078, 29.48821, 28.36129, 28.75860, 27.98367, 27.82525, 26.85931, 27.49182
24.86059, 25.32781, 25.51348, 25.06741, 25.66534, 25.18582, 25.15707, 25.21762, 25.82629, 25.33956, 26.21237, 27.55438, 29.57269, 29.51412, 30.20364, 30.29336, 30.02056, 30.15557, 29.79858, 29.71496, 29.62094, 29.17678, 29.50665, 29.14373, 28.91500, 29.03796, 28.78454, 28.41918, 28.26980, 28.48620, 26.99111, 27.36053
27.03753, 25.41113, 26.06155, 25.70147, 25.45849, 24.83166, 25.08175, 25.73168, 26.00891, 26.00082, 26.07205, 27.77905, 29.55526, 29.09411, 29.46948, 30.00552, 30.21438, 30.35525, 29.64572, 29.82122, 30.12997, 29.72695, 29.57186, 29.17846, 28.69219, 28.33154, 28.09817, 29.20074, 27.85580, 28.32589, 26.07354, 26.82498
25.82284, 25.76553, 25.67575, 25.35110, 26.12502, 26.74014, 26.66216, 26.28314, 26.40640, 26.36416, 26.79885, 27.68215, 30.18667, 29.74209, 29.60876, 29.57952, 28.91329, 29.75604, 30.10501, 29.64517, 29.43002, 29.69424, 28.87292, 29.16204, 29.22131, 28.78686, 28.57394, 27.89633, 27.82128, 26.96960, 26.81811, 26.92108
25.57818, 25.88378, 25.91473, 26.44552, 25.83785, 26.36315, 26.40197, 26.17388, 26.19058, 26.56866, 27.60351, 27.26013, 30.07192, 30.38616, 29.43936, 29.33920, 29.51025, 30.05908, 29.71441, 29.96472, 29.51611, 28.88726, 29.01623, 28.46472, 28.68502, 28.83383, 28.33315, 27.64797, 27.31115, 27.50619, 26.30493, 26.29513
22.41512, 25.12564, 25.69241, 25.69232, 26.13952, 25.92669, 26.92703, 26.43261, 26.45260, 26.85803, 29.06545, 29.72143, 29.77938, 30.02566, 29.45504, 28.66903, 28.77355, 29.07455, 29.71029, 28.75198, 28.92929, 29.10708, 28.26550, 28.78427, 28.06448, 28.24575, 27.52636, 27.47643, 26.99172, 26.43780, 26.50030, 26.99899
25.95608, 25.40612, 26.18933, 26.17513, 25.93142, 26.74908, 27.38500, 26.82650, 27.13833, 26.89477, 28.67578, 29.93295, 29.42568, 29.07775, 28.44595, 28.58929, 28.49203, 28.83166, 28.56362, 29.92541, 28.27633, 28.88973, 28.02975, 28.32827, 28.10217, 27.74944, 27.14425, 27.42535, 26.75622, 27.28405, 26.73342, 26.26846
