23.70779, 23.50009, 23.34075, 22.94851, 23.82903, 22.29312, 23.33624, 23.27905, 23.80828, 23.09316, 23.78692, 24.29525, 24.16033, 23.84756, 24.10430, 24.00292, 23.93804, 23.92739, 24.44732, 23.51794, 23.70223, 23.88507, 24.80813, 24.68340, 24.61318, 23.89453, 23.40838, 22.66021, 23.89468, 21.83801, 22.65496, 22.41455
23.75225, 25.70956, 23.92068, 23.09976, 22.74975, 23.74279, 23.60205, 22.99655, 24.34713, 24.08416, 24.24407, 23.81301, 23.84576, 24.71401, 23.48153, 24.34481, 24.02761, 24.55047, 24.42910, 23.52484, 24.39248, 24.77954, 23.51278, 24.52435, 24.07955, 25.10436, 24.20733, 23.62814, 23.21899, 23.91241, 23.47958, 24.01455
25.50732, 22.68655, 23.25247, 23.34240, 24.16580, 22.97375, 23.77505, 23.02502, 23.51034, 22.84472, 24.23742, 23.27316, 24.42105, 24.21774, 24.92922, 23.14974, 24.20904, 23.37216, 23.67340, 23.90127, 24.52059, 24.11642, 23.95910, 23.84741, 25.04632, 24.36559, 24.30221, 24.87911, 25.50820, 24.71935, 23.65240, 22.89346
24.22558, 24.66226, 23.35906, 24.17990, 24.02850, 23.73437, 23.42065, 23.88037, 24.01837, 24.68557, 23.76550, 23.65145, 23.98245, 24.44769, 24.24426, 24.72247, 24.52795, 24.43020, 24.71511, 23.84365, 24.10632, 24.28909, 23.48153, 23.84179, 23.89379, 24.76528, 24.91567, 24.00854, 24.48483, 25.06558, 24.50936, 24.97781
25.27065, 22.97375, 23.95059, 23.72836, 24.37402, 23.58523, 23.95059, 22.80850, 23.80535, 23.97988, 24.14544, 23.81332, 23.77166, 23.64913, 24.48355, 24.19393, 24.36617, 23.87069, 24.15432, 23.87173, 24.04406, 23.79623, 24.30288, 24.04287, 25.27239, 24.08727, 25.10592, 25.07717, 24.80200, 24.25933, 24.29565, 24.57568
23.29366, 23.93499, 23.64022, 24.00689, 23.97073, 24.23351, 23.76953, 23.68814, 23.58673, 24.08294, 23.95593, 23.80389, 24.31423, 24.34826, 24.66863, 24.35839, 24.38052, 24.75985, 24.38925, 24.28842, 24.14996, 24.61654, 23.78408, 23.78314, 24.53396, 24.59762, 24.58212, 25.13320, 24.34759, 24.80462, 23.28063, 25.55413
23.85040, 22.16598, 23.28497, 23.16427, 24.10302, 23.60714, 24.23312, 23.52099, 24.04336, 23.54840, 24.42742, 23.59149, 24.43734, 24.17886, 24.27529, 24.45034, 24.61825, 24.33273, 24.45934, 23.72711, 24.13357, 23.79989, 24.14361, 23.79574, 24.03103, 24.41094, 24.59765, 24.26092, 24.84323, 23.24368, 23.98763, 23.81597
22.09503, 23.23806, 23.82934, 23.94668, 24.26446, 24.61270, 24.24856, 23.57696, 23.50250, 24.13595, 23.91131, 24.26425, 23.95275, 24.65756, 23.87081, 23.75366, 24.15667, 24.22344, 24.04513, 24.26263, 23.99722, 24.55490, 24.60201, 24.53411, 24.30905, 24.97445, 23.99899, 25.09899, 24.53176, 24.76132, 24.51406, 24.17867
23.77413, 21.99667, 22.84887, 23.32711, 24.02004, 23.58380, 24.14202, 23.54504, 23.85369, 23.12707, 23.75323, 23.95864, 24.39450, 23.70379, 23.37789, 23.81713, 24.42495, 23.79806, 23.71127, 23.76864, 24.19241, 23.56381, 24.24041, 23.73147, 24.46069, 24.64031, 25.13012, 23.93817, 25.56347, 24.25961, 24.23077, 23.67364
22.68884, 22.56820, 22.46890, 23.47372, 24.28189, 23.95474, 23.96331, 23.39807, 24.08029, 24.20788, 23.75384, 23.98214, 23.86151, 24.19366, 23.52096, 24.27532, 23.83312, 24.18234, 23.98559, 24.30944, 23.56722, 24.38192, 24.42211, 24.64633, 24.56829, 25.41329, 24.53457, 24.63149, 24.52630, 24.46194, 24.69595, 24.20126
22.92425, 22.37991, 23.11685, 23.22384, 24.02795, 23.40164, 24.15862, 23.65795, 23.89691, 23.74020, 24.11520, 24.07690, 23.98449, 24.10198, 24.11132, 24.21716, 23.79849, 24.35357, 24.21511, 24.31063, 24.72561, 24.35424, 24.65228, 24.77929, 24.97170, 24.26495, 24.61581, 24.14547, 24.20126, 23.83193, 24.55239, 24.00125
23.15527, 23.08068, 23.41116, 23.02871, 23.34243, 24.20208, 23.68566, 23.43835, 23.63946, 24.15725, 24.33047, 23.60342, 24.20669, 24.32400, 23.58608, 23.82824, 24.10891, 24.60543, 23.93792, 24.04296, 24.28945, 24.78420, 24.82858, 24.73608, 24.32495, 25.43237, 24.77575, 24.50747, 24.75094, 24.79696, 24.83419, 24.89861
22.51144, 22.11816, 22.57672, 22.98110, 23.34811, 23.27755, 23.12814, 23.30734, 23.98583, 23.10546, 23.60427, 23.36624, 24.80258, 23.85134, 23.46652, 23.55157, 24.08325, 23.62594, 23.34197, 23.43548, 24.13659, 23.69354, 24.66281, 24.18624, 25.15637, 24.27560, 24.28219, 24.13391, 25.13421, 24.32620, 24.47079, 23.89443
22.85616, 22.54693, 21.70376, 23.04516, 22.26635, 23.57092, 23.30184, 23.13491, 23.21942, 23.63009, 23.45550, 23.80520, 23.60781, 23.48403, 23.39544, 23.80627, 23.43020, 24.28298, 23.01995, 24.14392, 23.54327, 24.61471, 24.19296, 24.15927, 24.33703, 24.55132, 24.57577, 24.41455, 23.49011, 24.97543, 23.53094, 24.69607
22.29763, 21.10845, 22.06634, 22.58462, 23.35110, 22.15133, 23.33428, 22.79559, 23.61004, 23.53961, 23.43774, 23.92053, 24.04025, 23.60714, 24.22808, 24.01113, 23.77859, 23.67111, 23.67974, 23.87618, 24.29611, 23.76986, 24.21139, 23.43517, 24.22399, 23.43182, 24.68463, 23.70913, 24.51745, 23.79800, 24.23489, 24.57684
20.84286, 22.78103, 21.37646, 22.45162, 22.60958, 23.15386, 22.32168, 23.02514, 23.57421, 23.76824, 23.95922, 23.48605, 23.69488, 24.18838, 23.87298, 23.82302, 18.68511, 24.17407, 24.07607, 23.84301, 23.96456, 24.48052, 23.43392, 23.77859, 23.90188, 24.71762, 24.08602, 23.83724, 24.32525, 24.16821, 23.43658, 23.07211
22.92346, 20.66369, 20.61462, 22.02892, 22.15737, 21.91741, 22.50588, 21.88943, 22.85186, 22.42282, 22.99291, 23.10284, 23.63900, 22.49822, 22.85958, 22.49325, 22.98333, 23.42611, 23.40069, 23.96960, 24.27075, 23.58285, 23.31823, 23.22143, 23.92129, 23.40823, 24.04647, 24.33257, 25.15640, 24.94781, 24.82504, 25.69375
22.88549, 22.77477, 22.73666, 22.64569, 21.79720, 22.60800, 21.86144, 22.42892, 22.81564, 23.23562, 22.32119, 22.68612, 23.13229, 23.32269, 22.49618, 22.83877, 23.29666, 23.45217, 23.77902, 24.19369, 23.68566, 23.79916, 23.56442, 23.54650, 24.36248, 24.73507, 24.72372, 25.02874, 25.11913, 25.80590, 25.61636, 25.15725
24.47143, 23.39215, 24.40750, 23.90411, 24.82409, 23.83340, 24.81426, 24.16775, 24.40997, 24.33828, 24.06903, 24.16101, 24.83654, 23.80612, 24.14996, 24.47918, 24.77535, 24.36370, 24.89517, 25.20153, 25.45465, 25.47924, 25.79818, 26.18765, 25.69018, 25.16265, 25.32199, 25.40737, 26.05493, 24.49795, 25.48974, 24.60916
24.06506, 24.32977, 24.42196, 24.84689, 24.43835, 25.30081, 24.30758, 25.29910, 24.92199, 24.95373, 24.19070, 24.75265, 25.15661, 25.28979, 24.76998, 25.08065, 24.74389, 25.70117, 25.57302, 25.40261, 25.79058, 26.18966, 25.89282, 26.26254, 26.16717, 25.85424, 25.55978, 25.29189, 24.52212, 25.36614, 24.88650, 25.30960
25.85717, 24.27709, 25.93527, 24.08865, 25.26684, 24.44720, 25.74978, 25.13992, 25.48422, 24.35711, 25.07049, 25.57568, 25.37179, 24.86190, 25.64773, 25.21414, 26.32421, 25.58154, 26.00915, 25.69164, 26.21609, 25.90576, 26.23974, 25.82440, 26.28799, 25.40286, 26.54574, 25.63735, 25.81777, 24.82260, 25.76895, 24.25918
22.95361, 25.32571, 24.72378, 24.96078, 24.76611, 25.37237, 25.72009, 24.97106, 25.22091, 26.16586, 24.92800, 25.64410, 25.46923, 25.47579, 25.23135, 25.83697, 25.70822, 25.96554, 25.81860, 25.98437, 25.84716, 26.39129, 26.28146, 25.76278, 25.65277, 26.46710, 26.08807, 26.05609, 24.74896, 25.96276, 25.98135, 24.33645
20.69149, 24.16726, 23.83828, 24.50405, 25.14794, 24.80972, 25.90292, 25.89410, 25.41607, 24.33850, 25.98556, 25.19448, 25.86874, 25.23525, 25.43731, 25.15154, 26.22238, 26.23312, 25.98089, 25.62060, 25.64364, 26.26180, 26.18063, 26.13366, 26.64758, 25.88308, 25.84326, 25.43780, 25.77035, 24.75506, 25.10354, 25.26077
23.87374, 24.19970, 23.89941, 24.39617, 24.72479, 25.76995, 24.86715, 25.32208, 25.36810, 26.02947, 25.63571, 25.53555, 24.98586, 26.09762, 25.56790, 25.58978, 25.83947, 25.65661, 26.12161, 26.33731, 25.64956, 25.65023, 26.18533, 25.86154, 25.16421, 25.43447, 25.05163, 26.13995, 25.30837, 26.12057, 24.90371, 25.53683
