23.23342, 25.37783, 25.55551, 25.95428, 23.60952, 24.29263, 23.56402, 24.74883, 24.85354, 25.71139, 25.02783, 25.52368, 25.15536, 25.92636, 24.42220, 26.44467, 25.70678, 25.39944, 24.66183, 25.61956, 25.15670, 25.20901, 25.23757, 24.94772, 24.32726, 25.04153, 24.26385, 26.18984, 24.90817, 25.38601, 22.50295, 25.56903
25.39245, 24.71801, 25.92083, 24.71871, 24.56008, 24.01205, 26.27584, 24.29803, 25.29193, 24.33944, 25.39215, 24.31927, 25.68304, 25.67095, 26.08688, 26.06277, 25.57635, 25.45587, 25.91717, 24.91613, 25.75817, 24.97268, 25.91574, 24.79952, 25.73672, 24.50421, 25.97219, 24.28893, 25.43292, 23.74185, 25.92373, 23.87292
25.60354, 25.56109, 24.39575, 25.26376, 25.03860, 25.03604, 24.07272, 25.04186, 24.37771, 24.88320, 24.50576, 25.93899, 25.48565, 25.72210, 25.72994, 27.06179, 26.04766, 26.25811, 24.61645, 26.06262, 24.63351, 26.13024, 23.73461, 25.77444, 25.28573, 25.32244, 25.48059, 25.38207, 25.09542, 24.97058, 24.80212, 25.87795
26.08062, 25.49975, 26.00320, 25.20284, 25.27862, 24.36978, 25.84536, 24.70419, 25.46185, 24.31918, 25.11535, 24.87765, 25.80660, 25.66778, 27.20141, 26.85165, 27.86627, 26.63763, 26.39877, 25.46670, 25.15359, 24.76766, 24.91339, 24.67532, 25.89410, 25.98678, 25.99926, 25.81213, 25.53189, 25.88577, 26.47018, 24.63021
25.29183, 25.03201, 24.42620, 25.46697, 25.43545, 24.43698, 24.30224, 25.14718, 24.92770, 24.91931, 24.57037, 25.83483, 25.01480, 25.98068, 28.82168, 31.68545, 32.53338, 30.96478, 26.71755, 26.86654, 24.88738, 24.40698, 24.76434, 25.87878, 25.03497, 25.59347, 25.53292, 26.50781, 25.49264, 25.93377, 25.23080, 26.42269
25.52935, 24.49944, 25.39794, 25.09390, 25.40646, 24.93557, 25.01614, 23.86068, 25.26815, 24.40710, 25.83453, 24.86923, 25.71780, 25.75018, 31.33450, 32.46529, 33.52663, 32.79177, 28.45593, 25.80886, 24.96060, 24.41278, 25.97674, 24.85382, 25.67843, 25.02065, 26.38583, 25.69668, 25.59265, 25.34194, 25.58694, 25.72698
24.18731, 24.36489, 23.99471, 24.87567, 24.74374, 25.14916, 24.75692, 25.66073, 24.91232, 24.84432, 25.18517, 25.86904, 25.65441, 26.71453, 32.13296, 34.29009, 33.49709, 33.26336, 27.77990, 26.30502, 25.17343, 25.31158, 24.98684, 25.71346, 25.22930, 25.39602, 25.08724, 26.14800, 25.74749, 25.57031, 26.07131, 26.94720
24.35674, 23.52276, 24.92745, 25.03756, 25.26159, 24.79855, 25.73605, 24.45400, 24.68252, 24.61202, 26.02032, 24.89413, 26.46362, 26.92831, 33.62499, 33.50768, 33.97692, 32.65957, 27.02365, 25.25100, 25.22762, 24.64642, 25.49240, 25.45599, 25.34435, 24.95950, 25.78802, 25.03127, 26.26412, 25.38183, 26.45910, 25.19396
24.23849, 23.88668, 23.34381, 25.24038, 24.73748, 25.42642, 25.08032, 25.52459, 24.74163, 24.57379, 24.79150, 25.78979, 26.07308, 27.78955, 33.21822, 34.47692, 32.67016, 30.76113, 25.31835, 25.87478, 24.75582, 25.36877, 24.78304, 25.31906, 25.21566, 25.19567, 25.41384, 26.35821, 25.94705, 25.56756, 25.49392, 25.98077
24.97561, 23.31420, 24.90838, 24.35067, 24.95580, 24.75985, 25.94683, 24.65298, 25.05920, 24.63867, 25.89559, 24.96853, 27.43102, 28.29623, 33.94604, 34.30016, 32.82632, 29.68688, 26.81240, 25.40060, 25.53851, 24.52957, 26.01772, 25.20278, 24.95748, 25.36563, 25.56433, 25.46118, 25.29510, 24.44580, 26.21206, 25.82919
23.71008, 23.42095, 23.57592, 24.47891, 24.32354, 24.55535, 25.06823, 25.82638, 25.38058, 25.42321, 26.69940, 27.72720, 28.46749, 29.73309, 33.32571, 33.22884, 30.70785, 30.21197, 29.58703, 30.08679, 27.58926, 26.46926, 25.27877, 25.86407, 25.46444, 25.74548, 24.87359, 26.10409, 24.98718, 25.47473, 24.94610, 25.67782
23.86382, 23.82067, 25.02111, 23.87972, 24.91433, 24.46768, 25.76299, 24.67190, 25.85723, 26.22637, 29.23083, 29.01092, 29.20254, 29.09341, 31.77178, 29.63305, 30.42385, 30.04769, 30.40981, 30.08999, 28.69207, 27.42413, 26.69637, 25.48739, 25.82876, 25.72695, 25.89941, 25.04669, 25.21569, 25.17181, 25.81567, 25.46151
23.97375, 23.30444, 23.62625, 24.23757, 23.76174, 24.30486, 24.99105, 25.87985, 27.59982, 28.81585, 29.55416, 30.05447, 28.85116, 28.88915, 28.00479, 28.78720, 30.35275, 28.95791, 29.47332, 29.99807, 28.98413, 29.22274, 26.79681, 26.63091, 25.97766, 26.02981, 25.18469, 26.17532, 25.34689, 25.99069, 25.62948, 25.42394
23.56606, 22.27993, 23.63220, 23.60308, 24.88116, 24.60916, 25.83996, 25.95767, 29.67031, 28.80361, 29.97473, 29.21746, 29.10980, 28.88320, 28.95190, 28.94039, 29.66998, 28.94232, 30.00103, 29.17382, 29.37573, 28.36434, 27.77069, 26.40017, 25.72784, 25.74621, 26.21646, 25.19531, 25.36065, 25.22647, 26.08880, 26.09634
23.26055, 22.64492, 22.53332, 23.72616, 25.12820, 25.52120, 26.79537, 29.02340, 30.27050, 29.53323, 28.39700, 29.25558, 28.63519, 28.47433, 27.47106, 29.63442, 28.05145, 28.53585, 28.50213, 29.38378, 28.79736, 29.53976, 29.16342, 29.11312, 26.99508, 26.68197, 27.12228, 27.85589, 28.54687, 29.69799, 31.19012, 31.25442
24.35079, 23.68991, 24.28127, 23.63918, 24.64590, 25.50625, 29.14346, 29.08431, 30.09847, 29.49261, 28.82800, 28.17019, 28.34225, 28.30902, 29.11926, 28.75271, 24.04394, 28.32690, 29.47952, 29.20040, 29.51263, 29.28713, 29.59756, 29.07018, 28.59957, 29.32003, 30.30160, 30.65734, 31.05810, 30.80786, 32.41079, 31.54309
26.40719, 28.76678, 28.50967, 27.83755, 28.09167, 28.76888, 29.56640, 30.03970, 29.45452, 29.16506, 28.08297, 28.79913, 28.02184, 29.04742, 28.50216, 28.59930, 28.40481, 28.44305, 28.16372, 28.81448, 27.73388, 27.30523, 28.86004, 29.47985, 29.53848, 30.91778, 31.36068, 31.69982, 31.18420, 30.93374, 32.40084, 32.46279
27.72894, 29.35461, 30.54119, 28.64807, 29.14138, 29.64965, 30.25002, 29.13418, 28.20605, 27.97094, 29.14059, 28.38244, 28.21423, 28.23605, 29.14034, 28.02096, 28.60223, 28.42947, 28.90371, 27.70284, 26.39312, 26.30508, 28.61251, 28.10043, 29.20071, 29.24429, 30.24471, 29.23202, 29.63153, 29.36712, 32.01070, 31.91039
27.01635, 28.25683, 27.56774, 27.98617, 27.07476, 26.98059, 26.95269, 27.36276, 26.40106, 27.19369, 27.60647, 28.28848, 27.46392, 27.61956, 27.71615, 28.12676, 27.31268, 27.54672, 27.60882, 28.34237, 27.51913, 27.35613, 27.25549, 28.46411, 27.03698, 26.88766, 26.64810, 27.43911, 27.42620, 27.42214, 27.53491, 28.70022
27.48568, 27.00747, 27.42083, 26.80328, 27.13241, 26.66503, 28.30493, 26.87847, 27.52767, 26.46017, 27.69384, 27.28381, 27.72039, 27.11877, 27.96060, 27.44818, 28.27267, 27.46115, 28.44082, 27.86544, 27.56256, 27.54049, 27.95950, 27.65087, 27.01657, 27.37045, 28.24044, 27.53189, 27.87200, 27.58273, 27.95059, 28.06494
26.66162, 26.15008, 26.39672, 27.37945, 26.48434, 26.34530, 26.39721, 27.24960, 27.04522, 27.00338, 26.51327, 27.54690, 26.22241, 26.82849, 27.32672, 28.03054, 27.79260, 27.69927, 27.18176, 28.35647, 27.42556, 27.73791, 27.46704, 28.44695, 26.59069, 27.48745, 27.10122, 28.24200, 27.31756, 27.01226, 26.15347, 27.69244
26.34027, 26.13638, 27.61880, 25.95452, 27.98202, 25.97543, 27.63629, 26.88513, 27.19491, 26.56750, 27.76647, 26.60369, 27.72927, 27.27038, 28.74444, 27.14440, 28.01663, 26.79949, 27.83044, 27.34347, 27.44421, 27.91900, 27.15866, 27.20153, 28.62182, 27.51016, 27.51315, 27.11291, 27.54580, 27.24047, 28.02865, 26.74941
23.04064, 24.99331, 25.78146, 27.58450, 26.22836, 26.47085, 26.36761, 27.49996, 26.47503, 26.87609, 26.68984, 27.54504, 26.99893, 26.82290, 27.55520, 27.86163, 27.77749, 27.68005, 26.49877, 27.64202, 27.57028, 27.17391, 26.80639, 27.15432, 27.04452, 26.71108, 26.54000, 27.55224, 26.08959, 27.06161, 26.87649, 28.31442
26.24569, 26.43023, 27.53738, 26.48449, 25.95373, 26.51412, 27.51739, 26.41259, 27.68966, 26.10253, 27.68002, 26.24829, 27.17309, 26.73828, 28.08898, 27.87533, 27.31179, 27.28298, 28.04788, 26.61975, 27.22421, 26.76089, 27.48757, 27.08666, 28.18752, 26.33584, 27.37362, 26.37576, 27.03152, 27.04055, 27.22888, 26.36120
