27.24676, 24.79348, 26.73879, 24.66567, 25.72573, 24.20648, 25.01129, 24.01595, 25.43890, 24.74154, 25.72924, 24.72033, 26.09030, 24.75591, 25.75674, 24.35494, 26.62567, 25.04763, 27.12396, 25.53170, 25.97543, 25.12078, 27.13058, 25.46517, 26.34908, 24.95553, 26.52557, 23.94409, 26.60714, 25.09680, 28.14175, 24.37136
24.54925, 26.90307, 24.41866, 26.42510, 24.12512, 26.35479, 24.62216, 26.62039, 25.05886, 25.91369, 25.03121, 25.84899, 24.81475, 26.46057, 24.58099, 26.07232, 25.35729, 26.22979, 25.29904, 26.90359, 25.66760, 26.46017, 25.82839, 26.55010, 25.03671, 26.83843, 25.20257, 25.67037, 24.96847, 26.46325, 24.30636, 27.16973
27.01815, 24.65637, 26.77783, 24.81527, 25.82311, 25.10537, 26.00015, 23.77911, 25.45425, 24.12982, 25.78515, 23.82638, 25.98043, 24.20345, 26.21923, 24.35775, 25.83108, 24.76867, 26.78222, 25.61160, 26.12393, 25.78948, 27.03616, 25.28481, 26.55087, 25.23495, 26.88970, 26.11291, 26.78027, 25.60516, 26.82693, 24.90081
25.78817, 27.80441, 24.28662, 26.75207, 23.92639, 26.04141, 24.16162, 25.84027, 25.24212, 25.36736, 24.28405, 25.14138, 24.78146, 25.57562, 24.80322, 26.64507, 25.05779, 25.98492, 24.56967, 26.42602, 26.61248, 27.09915, 25.33908, 26.64654, 26.21527, 27.24151, 25.91216, 27.21359, 25.94851, 27.24453, 25.58828, 28.88787
26.40533, 24.17886, 26.30676, 24.53353, 25.87286, 24.49764, 25.81146, 24.65679, 24.81576, 24.70825, 25.64266, 24.82534, 25.15045, 24.24606, 25.94946, 25.00595, 26.12377, 25.09527, 26.84863, 27.42315, 31.08392, 29.31030, 28.11694, 26.52276, 27.35436, 26.03582, 26.84017, 25.83080, 26.74432, 25.02346, 27.59319, 25.38619
25.25292, 26.14422, 24.28829, 25.90176, 23.68160, 25.51245, 24.12274, 25.32449, 24.81295, 25.38168, 24.72088, 25.79672, 24.76760, 26.20599, 24.79553, 26.02307, 25.33624, 26.45648, 26.99444, 30.96066, 32.90456, 32.63924, 28.08026, 28.09078, 26.34609, 26.71795, 24.86364, 27.71874, 25.50421, 27.08779, 25.13751, 27.90569
25.60461, 24.45434, 26.06466, 23.22238, 26.53768, 25.05966, 25.52841, 24.44122, 25.50869, 23.95873, 25.10598, 24.81371, 25.27313, 24.68499, 26.09744, 25.02246, 25.71160, 25.20532, 29.68743, 31.30551, 34.13522, 33.33099, 30.10272, 27.67584, 26.80786, 26.54434, 27.53939, 25.22204, 26.63058, 25.48361, 27.77520, 25.07885
24.27212, 24.36779, 24.36898, 25.94274, 24.49056, 26.27160, 24.52523, 25.95861, 24.93197, 24.86450, 24.35034, 25.66720, 25.05853, 25.86431, 24.15374, 25.90701, 25.31790, 25.58590, 27.81750, 32.08636, 33.95422, 34.47015, 29.08703, 28.87124, 25.72924, 26.57195, 25.43203, 26.95040, 26.17391, 27.33862, 25.34210, 27.61807
26.11071, 23.63317, 25.96087, 24.25686, 25.27560, 24.29446, 26.05337, 24.96267, 25.63610, 24.48345, 26.17465, 24.77795, 25.72372, 25.11672, 25.50408, 24.44259, 25.53042, 24.60806, 29.27017, 30.79748, 34.51714, 33.24050, 28.51418, 26.76446, 26.72738, 25.58270, 26.96282, 26.13809, 26.93078, 25.62918, 26.79580, 25.03561
23.34210, 25.11968, 23.75237, 25.67187, 24.99883, 25.54714, 24.31402, 25.14587, 24.42986, 25.84558, 24.47430, 25.31033, 25.25219, 25.50607, 24.53744, 25.46762, 25.18725, 25.84728, 27.94564, 31.70797, 33.57107, 33.22253, 28.01669, 28.13107, 26.12139, 26.79305, 26.11358, 26.78079, 25.90930, 26.65298, 24.29531, 26.65215
24.87728, 23.67077, 25.22744, 24.10183, 25.11846, 23.69689, 25.91113, 24.10491, 25.19845, 24.59674, 25.63046, 24.86004, 26.05892, 25.34310, 27.34527, 26.85983, 29.48480, 28.68536, 30.98007, 30.72018, 32.13296, 30.84811, 30.56161, 29.45980, 28.49227, 27.04885, 27.38384, 25.75802, 27.06176, 26.23446, 26.87777, 25.75915
23.09692, 24.63253, 23.43502, 25.32870, 24.43670, 25.62606, 24.73516, 25.27670, 24.28967, 25.63839, 25.30944, 25.71050, 25.38171, 26.31698, 27.26361, 29.49005, 29.61486, 30.08358, 29.04019, 31.66531, 30.47390, 30.65411, 30.06152, 30.53079, 28.82925, 29.17944, 26.56017, 26.98019, 26.50427, 26.43939, 24.75338, 25.61166
25.29882, 23.88021, 24.36834, 23.27526, 25.32250, 23.70254, 25.36318, 24.87988, 25.51721, 24.45898, 26.53494, 25.62454, 27.98031, 28.52105, 30.27935, 28.96408, 30.29632, 29.99920, 29.32614, 28.70516, 30.32144, 29.60150, 29.63601, 28.82266, 30.16470, 29.05663, 28.31729, 27.09304, 27.26644, 25.47326, 26.87237, 25.67315
23.82318, 24.25897, 23.39993, 25.34506, 24.14764, 25.13436, 23.99438, 24.95562, 24.32604, 25.40145, 26.56024, 28.58294, 29.73513, 30.35848, 29.66299, 30.33087, 29.75051, 30.29174, 28.91506, 29.39321, 29.37322, 29.91992, 29.08157, 29.75436, 28.73168, 29.57144, 27.87203, 28.47372, 25.82437, 26.79904, 27.10357, 29.48898
25.45281, 22.39309, 24.50649, 23.34463, 25.53097, 23.89334, 25.50308, 24.55645, 27.87725, 27.89562, 30.29354, 29.54724, 31.05966, 29.94003, 29.90405, 28.81075, 29.61984, 28.71304, 28.90808, 28.16314, 29.11541, 28.28976, 29.49349, 28.39431, 29.77438, 28.65588, 29.86212, 28.89883, 31.25582, 29.88116, 33.00253, 31.94793
23.58355, 23.84277, 22.51199, 25.41268, 23.89254, 25.26498, 25.14480, 27.61239, 29.79287, 30.64428, 29.62615, 31.10598, 29.73840, 29.27514, 27.53768, 29.88940, 25.37383, 29.28204, 28.44900, 29.14004, 28.34399, 28.83462, 28.57336, 30.03463, 29.49789, 29.56371, 29.59246, 30.29022, 31.23147, 32.30056, 31.24002, 33.70626
26.89440, 24.47631, 29.24435, 28.19390, 29.66622, 28.67526, 31.46871, 30.64578, 32.23388, 31.59396, 29.64709, 28.09844, 25.56585, 24.11108, 28.33816, 28.12042, 29.09069, 28.15826, 29.45568, 28.42849, 29.26290, 28.32620, 29.62689, 27.86715, 28.86004, 27.94100, 29.71719, 29.30548, 31.44488, 31.26800, 32.84295, 31.39181
26.77542, 29.65655, 29.84887, 30.69946, 30.10623, 31.06741, 30.51864, 32.10421, 30.30429, 31.22030, 27.07488, 27.48489, 24.06127, 24.86559, 26.87420, 29.80093, 28.98052, 29.42080, 28.41641, 29.21780, 28.44567, 28.28961, 28.41210, 28.78268, 27.11254, 28.20468, 27.44253, 28.84207, 28.97854, 30.51724, 30.45016, 32.86391
28.41720, 26.77062, 29.13558, 26.50088, 29.03024, 26.47485, 28.50393, 27.52340, 27.59109, 26.29580, 27.29437, 25.78381, 26.44616, 25.53298, 28.56536, 27.83355, 29.14770, 28.36358, 29.07205, 27.73232, 28.81814, 28.01895, 29.21145, 28.02642, 28.86819, 26.67373, 28.82376, 27.49014, 28.46020, 27.33395, 29.38653, 27.36016
26.85555, 28.56826, 26.19067, 28.20303, 26.90158, 27.50436, 26.64825, 27.91207, 26.96148, 27.77050, 26.01095, 27.64297, 25.93011, 27.25491, 26.71350, 28.19555, 27.66659, 28.62451, 27.72036, 28.83984, 28.87289, 29.30560, 27.75344, 28.84081, 27.66665, 28.13070, 27.19332, 28.09319, 26.56692, 28.80108, 28.03945, 29.47906
27.38918, 25.48568, 28.59896, 25.42697, 28.12090, 26.84704, 28.05743, 27.16043, 27.68814, 27.03701, 27.25201, 26.51296, 27.37661, 26.17459, 27.56829, 26.61337, 27.81323, 26.73089, 27.98507, 27.81472, 29.03158, 28.34280, 28.81771, 28.23269, 28.42376, 27.53210, 28.24713, 28.00857, 28.24856, 26.09789, 29.66525, 26.84313
25.66363, 28.22402, 26.31051, 28.17300, 27.13268, 28.64804, 26.56185, 27.85644, 26.84680, 27.72683, 26.44787, 27.83151, 26.83254, 27.75067, 26.20321, 27.84741, 26.91149, 28.05767, 27.16992, 28.97964, 28.16842, 29.00039, 27.44869, 28.48590, 27.73681, 28.87707, 26.39706, 28.59637, 26.64770, 27.55517, 27.18139, 29.22787
25.42788, 26.79064, 27.44503, 26.02307, 28.01620, 26.21984, 27.86657, 27.11468, 27.44064, 25.96475, 27.35201, 26.55306, 27.87811, 27.10024, 27.68911, 27.40414, 27.30731, 26.60958, 28.14193, 27.55236, 28.83032, 28.10949, 28.84518, 27.61636, 28.31893, 27.35388, 27.79852, 26.49984, 28.01330, 25.68969, 27.85311, 26.94045
25.74294, 28.47759, 25.14114, 28.50375, 26.89123, 28.31881, 26.65994, 28.07961, 26.33868, 27.90454, 26.79565, 28.10821, 27.08608, 27.00830, 26.62112, 28.01620, 26.47918, 28.29028, 27.06884, 28.30404, 27.13650, 28.99932, 26.70941, 29.03881, 27.51953, 28.70931, 26.96539, 28.49655, 26.58618, 28.66641, 26.51940, 29.65487
